1623730
892970
105600
346110
252490
275850
322330
648800
251570
211820
242760
513710
108600
440900
1149460
264710
1371580
1928980
239140
848450
1504570
526870
962130
1284190
1259420
1307550
2080690
244850
383180
815370
2285150
361420
219740
371660
305620
529180
751780
393420
344760
768200
265550
280790
895400
250400
383120
290080
1159690
487120
543900
382310
738520
573090
332500
313120
285920
715400
700030
1641960
299740
547860
402710
840800
1377380
349700
327070
1169040
361800
829590
2209150
897450
1072420
536270
758690
914620
707010
625340
1519090
360170
1501610
951440
526160
2197910
2313330
450860
1589120
1239430
307880
237870
366220
1967630
1360000
2262080
391730
280520
227860
1134700
418030
548480
544550
1635450