252490
1623730
105600
1281930
322330
346110
251570
108600
1284190
1371580
892970
513710
962130
526870
1905180
440900
275850
1063730
648800
264710
244850
815370
242760
239140
1044720
361420
1259420
1621690
848450
1149460
573090
305620
383120
895400
211820
2080690
1928980
382310
219740
707010
1377380
1062520
285920
371660
700030
858820
544550
313120
897450
2285150
1169040
751780
2658710
1641960
383180
768200
290080
418030
625960
2313330
1307550
1635450
951440
1072420
1967630
536270
391730
393420
1159690
1694420
758690
1316230
1360000
1645820
366220
1179680
227860
1134700
298610
738520
2197910
965200
914620
625340
1960480
839630
2262080
541300
1504570
1069640
829590
265550
1599330
299740
1830840
1519090
1054510
1589120
877010
324080